The number of values is: 900
3
14
29
50
55
58
58
62
69
69
80
94
107
171
182
193
193
207
228
234
242
255
297
315
326
344
356
372
378
397
407
429
442
482
493
498
514
533
602
622
667
693
746
762
764
779
782
786
801
808
823
831
856
866
879
885
911
913
925
930
942
952
975
987
996
1006
1010
1013
1020
1027
1035
1047
1054
1065
1079
1096
1107
1144
1172
1189
1210
1239
1248
1288
1293
1298
1310
1316
1357
1363
1367
1389
1391
1404
1411
1416
1446
1459
1465
1474
1492
1509
1513
1518
1533
1540
1540
1540
1564
1580
1610
1611
1652
1675
1681
1707
1717
1718
1722
1724
1729
1745
1753
1754
1819
1823
1826
1839
1848
1854
1866
1872
1876
1882
1882
1883
1887
1890
1890
1899
1900
1921
1931
1935
1942
1949
1962
1963
1964
1968
1979
1997
2027
2035
2040
2045
2110
2115
2122
2189
2198
2210
2218
2223
2238
2240
2246
2247
2250
2257
2280
2302
2325
2332
2342
2365
2374
2375
2394
2416
2446
2454
2493
2495
2505
2509
2518
2524
2527
2530
2535
2536
2540
2598
2604
2605
2606
2622
2662
2679
2691
2712
2726
2799
2824
2850
2856
2860
2861
2877
2893
2899
2900
2901
2907
2931
2933
2933
2956
2965
2966
2991
3001
3051
3059
3061
3103
3125
3127
3130
3143
3147
3153
3163
3184
3184
3206
3207
3209
3215
3218
3228
3252
3254
3274
3280
3302
3326
3328
3334
3346
3347
3350
3361
3380
3427
3430
3461
3514
3518
3519
3523
3523
3536
3542
3559
3560
3568
3570
3576
3586
3611
3625
3638
3640
3672
3686
3688
3694
3702
3707
3719
3725
3732
3750
3799
3805
3883
3893
3918
3940
3949
3967
3981
3985
3990
4010
4026
4051
4086
4089
4092
4093
4095
4102
4117
4118
4121
4121
4124
4163
4182
4198
4211
4235
4239
4250
4252
4252
4253
4258
4269
4270
4279
4281
4293
4318
4328
4328
4328
4328
4341
4343
4350
4378
4383
4387
4390
4395
4408
4428
4449
4461
4475
4524
4528
4562
4563
4566
4571
4576
4600
4603
4640
4641
4647
4649
4673
4680
4696
4720
4720
4728
4731
4741
4760
4801
4814
4820
4821
4827
4860
4863
4865
4908
4955
4971
4972
5004
5006
5019
5025
5033
5044
5070
5092
5121
5145
5151
5214
5219
5222
5270
5277
5286
5296
5328
5335
5336
5345
5372
5374
5379
5382
5404
5405
5415
5417
5439
5441
5453
5458
5461
5462
5462
5467
5468
5494
5501
5535
5539
5540
5573
5605
5606
5617
5620
5633
5658
5659
5664
5668
5676
5695
5698
5699
5715
5720
5747
5766
5781
5789
5834
5837
5840
5849
5867
5874
5881
5900
5918
5937
5951
5966
5968
6001
6014
6029
6033
6033
6034
6041
6044
6046
6050
6050
6111
6114
6116
6123
6138
6138
6154
6179
6180
6205
6211
6220
6233
6234
6245
6263
6270
6281
6297
6299
6346
6354
6371
6398
6446
6447
6448
6458
6467
6472
6485
6493
6518
6533
6538
6550
6551
6557
6559
6569
6570
6587
6596
6600
6618
6624
6630
6635
6636
6643
6648
6668
6687
6717
6731
6734
6740
6749
6755
6757
6757
6770
6818
6821
6822
6879
6926
6927
6951
6987
6989
7007
7017
7026
7027
7042
7051
7056
7074
7078
7088
7097
7137
7153
7158
7187
7201
7239
7256
7270
7272
7274
7276
7295
7310
7313
7319
7322
7330
7332
7337
7338
7377
7398
7403
7404
7419
7429
7452
7473
7483
7530
7543
7558
7571
7578
7584
7593
7613
7616
7639
7641
7656
7659
7665
7670
7687
7691
7707
7709
7721
7726
7744
7752
7823
7823
7838
7844
7864
7881
7886
7892
7945
7955
7963
7968
7970
7974
7977
7978
7994
7994
8014
8040
8047
8056
8068
8075
8079
8104
8107
8110
8122
8124
8143
8162
8179
8215
8221
8228
8235
8254
8290
8298
8299
8316
8387
8418
8424
8424
8428
8438
8444
8486
8491
8508
8510
8520
8533
8549
8561
8583
8614
8631
8635
8671
8675
8677
8700
8728
8750
8752
8776
8783
8790
8856
8860
8863
8868
8876
8878
8890
8893
8900
8922
8928
8954
8958
9013
9026
9038
9045
9049
9062
9063
9110
9114
9139
9145
9148
9150
9150
9151
9168
9202
9224
9264
9283
9298
9309
9318
9350
9363
9364
9368
9409
9410
9420
9428
9462
9470
9481
9488
9496
9500
9528
9640
9650
9666
9681
9694
9703
9709
9722
9734
9751
9762
9765
9775
9797
9810
9837
9880
9882
9884
9938
9954
9982
9984
9984
9986
9999
10010
10014
10045
10049
10105
10120
10128
10140
10149
10150
10176
10191
10219
10244
10281
10282
10290
10293
10332
10387
10413
10414
10420
10423
10429
10449
10450
10473
10483
10483
10489
10506
10553
10571
10584
10602
10624
10628
10647
10685
10686
10707
10715
10766
10774
10775
10803
10806
10808
10823
10847
10862
10877
10880
10888
10906
10912
10916
10961
10977
10981
11000
11008
11025
11029
11072
11122
11148
11154
11160
11160
11164
11170
11172
11189
11192
11208
11217
11218
11223
11258
11301
11333
11340
11346
11359
11365
11367
11378
11388
11391
11396
11397
11474
11479
11493
11500
11501
11535
11537
11550
11562
11568
11599
11603
11603
11605
11608
11610
11612
11614
11622
11652
11668
11686
11696
11699
11710
11712
11713
11727
11740
11743
11750
11751
11756
11767
11770
11785
11792
11801
11807
11812
11820
11828
11838
11842
11855
11859
11877
11884
11889
11903
11905
11909
11912
11912
11945
11948
11960
11981
11992
The average of all the values is : 5985.922222222222
