900
11767
8298
5145
7963
2110
7823
5951
4328
5070
7027
1239
11610
2240
11000
11820
7530
3461
8162
4603
10290
2933
11903
7272
6600
10888
2799
8290
7974
746
7074
6180
5834
6263
8143
4563
9880
6154
7042
11192
8428
7659
2342
10219
1518
1298
879
4760
4258
1883
11397
1866
10624
9775
9150
1610
11122
6643
9038
5374
8677
5439
7419
11359
6630
942
8752
6245
5121
3143
4328
6635
3254
1509
7593
5501
9650
4051
3350
2850
6299
9045
5019
9640
8508
10715
3184
7558
5664
9309
5006
7483
7153
62
4408
1189
10808
8635
11743
5296
8122
8868
11550
10847
442
11388
5219
6485
6731
1717
1722
407
11740
4026
55
7994
1921
10707
1411
3274
3163
3568
6116
11365
2524
3252
4865
9148
6041
9722
10584
8728
5659
2966
4328
6211
2536
6297
7158
8047
8424
107
4102
7310
2040
7337
5494
5345
11378
514
397
4318
7955
3427
4092
4528
7881
5458
7137
11612
10685
7313
4908
7656
9026
1890
2530
2115
2027
4566
10150
4328
80
7239
3560
4350
2662
69
2622
4562
2824
8387
6757
10961
622
8491
1707
4600
2527
1540
3523
94
10766
11603
1848
5468
5151
7687
9751
4649
5092
762
11160
1389
9410
69
2518
9986
6044
6458
2446
9318
6569
4124
4378
10049
4281
1964
10387
9350
8583
5849
7994
5405
4117
1823
2907
4235
8863
4801
5025
9488
3361
1872
6770
11948
6570
5620
3
11801
372
8954
9709
7584
9837
6014
10489
1144
885
8671
1006
9938
3103
7844
6648
2238
6138
10429
11535
866
4163
5441
4182
4571
11154
9797
3805
2493
2877
7097
11217
11909
4198
9734
1819
9982
242
9224
5606
234
6636
9470
693
9984
10420
2218
11652
3940
6551
4089
6668
1288
9884
498
11599
3209
1172
5462
808
2365
9694
6624
11859
6740
4863
4211
3380
2250
2374
7543
2505
10628
2257
1675
7187
9409
429
3611
1293
4972
7670
2495
50
4121
11792
11346
315
11905
5270
5336
3207
10647
6354
5837
7945
533
6927
7403
482
1882
1890
1540
2509
3001
4696
3514
10010
5214
1357
602
8922
2956
4860
5539
856
7578
7398
4731
4741
11223
11686
779
1513
7051
3893
4252
1391
11912
11500
9363
5698
11605
11189
5033
2246
11785
7404
3672
4343
5415
8893
11072
11208
913
6538
975
4293
6687
9151
8254
8424
996
6046
6989
8776
10602
4640
1013
3346
4814
3127
2454
11960
3719
6111
182
255
8221
1248
10191
5720
3519
1079
7892
10877
10506
1963
6587
4641
1310
4269
5222
493
7026
10413
10332
6033
11148
8235
2210
10571
1363
7088
4673
3328
9999
3218
11855
2893
1533
6717
7338
4253
3302
831
9882
8958
8614
3638
3686
2280
4270
3625
11501
2122
10916
8860
1492
11756
3732
9528
8228
1611
8675
3523
3430
3215
11750
2598
9496
3518
987
7707
11391
4720
2691
11884
8856
7473
1459
11493
6755
11614
6596
1899
1997
8783
2900
10912
7616
4821
3536
1826
11608
5874
7838
1020
378
356
2223
10423
1745
10803
1474
6234
3586
2712
3347
4239
1580
10977
2931
2394
5658
2035
1931
8700
4093
58
4086
6879
10449
5404
6987
11622
8890
2604
11710
7721
3542
5461
8900
1876
58
11727
9428
3985
2933
9298
207
7968
10774
9462
4387
8316
7201
8790
3918
9984
9810
6371
3981
297
8110
11877
8079
10483
11479
1540
1854
11842
7691
11172
6114
9150
10775
10176
3799
9368
9049
6448
6749
2189
7332
6205
6050
10450
8438
10045
5335
2965
3702
6734
11696
7823
8075
6346
2325
930
3326
4475
2861
1107
5417
193
8179
8928
5900
5372
9481
4010
11537
10414
1935
7319
5668
7429
10140
5789
7613
11474
6493
6559
7665
6033
11025
4461
9013
5968
9954
5766
4820
925
10553
9114
3059
3967
3559
1962
29
6822
5918
11699
9110
5605
8040
9202
2726
8533
7078
9283
5540
1035
4252
1010
4390
667
10014
8876
6029
11218
4449
952
9762
8215
5277
3280
11812
2901
2332
5453
3206
8510
3694
4827
11029
10806
1367
8104
7726
4576
2535
2540
3130
1949
1681
5617
193
5715
8124
10906
9500
5573
11912
8107
10281
5966
9168
5286
1047
5781
8444
7571
782
11340
9681
6050
7744
7709
7330
1316
10880
11992
1979
9364
4971
3576
4647
11889
2991
4121
4955
7322
10293
7452
11945
7270
11008
9703
1882
11981
8014
7274
9145
5867
1718
11838
5840
4118
5462
11751
7007
6926
2247
11770
1754
1096
11170
7864
1054
11396
10473
8418
6618
11603
8299
2302
3570
4279
1564
3707
1027
6557
786
7295
3061
3051
11160
1416
171
9264
10981
11333
5379
11562
6550
11807
1210
6472
11668
1465
10823
11367
1753
1942
6270
10105
8486
6138
11164
10282
1729
2416
4395
1900
3334
7752
6821
8520
2679
2198
9765
1446
6123
10120
5004
4095
5881
2606
5382
7256
9063
6518
9062
3228
11301
9666
1065
5535
7377
4428
7977
823
801
9420
344
5937
10244
10862
6446
7970
2375
1839
11712
11828
6001
1968
326
7978
4680
8549
11568
4524
3990
1724
7056
3184
5633
4341
4720
8068
5044
3750
10686
6398
6281
1887
6757
6818
5699
7639
5747
2860
7276
2899
8631
1404
8878
10149
6447
1652
6233
3125
7017
3949
11258
3640
6179
5328
764
7641
3688
10483
10128
3147
2605
5676
8561
6034
5467
4250
7886
911
5695
14
6467
4383
8750
6951
228
8056
6220
2045
11713
3153
9139
3725
6533
4728
3883
2856