Ake, A.
1085087
0.0 5.0 5.0 5.0 8.0 5.0 12.0 6.0 30.0 51.0
Burnham, R.
0121464
5.0 0.0 5.0 5.0 11.0 3.0 13.0 8.0 35.0 60.0
Coomes, V.
0114342
5.0 5.0 5.0 5.0 3.0 8.0 6.0 20.0 38.0 34.0
Culligan, M.
0794566
0.0 5.0 5.0 5.0 9.0 17.0 9.0 20.0 31.0 41.0
Deaton, D.
0361171
5.0 5.0 5.0 5.0 16.0 12.0 20.0 13.0 36.0 50.0
Derr, D.
0262902
5.0 5.0 5.0 0.0 9.0 18.0 12.0 17.0 38.0 37.0
Dopp, K.
0092482
0.0 5.0 5.0 0.0 8.0 18.0 17.0 4.0 22.0 6.0
Duquette, S.
0234765
5.0 0.0 0.0 5.0 5.0 7.0 12.0 14.0 26.0 19.0
Ellis, M.
0077802
0.0 5.0 5.0 5.0 4.0 3.0 18.0 19.0 33.0 32.0
Galentine, C.
0083723
5.0 0.0 0.0 5.0 8.0 16.0 20.0 17.0 21.0 56.0
Garrels, R.
1110352
5.0 5.0 5.0 5.0 19.0 10.0 13.0 20.0 22.0 30.0
Goe, L.
0878950
0.0 0.0 5.0 0.0 18.0 7.0 20.0 13.0 11.0 53.0
Goodloe, J.
0092192
0.0 0.0 0.0 5.0 9.0 4.0 7.0 3.0 30.0 37.0
Guida, R.
0258385
0.0 0.0 0.0 0.0 14.0 19.0 20.0 16.0 23.0 50.0
Hoxie, D.
0663657
5.0 0.0 5.0 5.0 19.0 17.0 11.0 20.0 39.0 55.0
Irwin, S.
1015760
5.0 0.0 5.0 0.0 3.0 6.0 11.0 14.0 9.0 10.0
Jenkins, O.
0559253
0.0 5.0 5.0 0.0 2.0 12.0 20.0 20.0 37.0 20.0
Jimison, A.
1012269
5.0 5.0 0.0 5.0 19.0 10.0 16.0 8.0 19.0 16.0
Linck, E.
1016021
0.0 5.0 5.0 5.0 6.0 18.0 14.0 8.0 39.0 40.0
MacMaster, J.
0485706
5.0 5.0 5.0 5.0 19.0 17.0 20.0 18.0 40.0 60.0
Mcandrew, S.
0087429
0.0 5.0 0.0 5.0 14.0 19.0 4.0 15.0 24.0 45.0
Menefee, T.
0345500
5.0 5.0 0.0 5.0 17.0 20.0 17.0 7.0 39.0 59.0
Moberly, S.
0484188
5.0 0.0 5.0 0.0 13.0 14.0 14.0 4.0 11.0 53.0
Modzelewski, R.
1065454
0.0 0.0 0.0 5.0 16.0 20.0 17.0 11.0 39.0 58.0
Neely, M.
0378220
5.0 5.0 5.0 5.0 15.0 14.0 16.0 18.0 32.0 50.0
Oakland, F.
0295652
5.0 5.0 0.0 0.0 6.0 14.0 14.0 13.0 11.0 23.0
Prescott, L.
0556259
0.0 5.0 0.0 5.0 16.0 1.0 18.0 1.0 33.0 26.0
Redding, T.
0970352
5.0 0.0 0.0 0.0 10.0 13.0 16.0 11.0 15.0 15.0
Shanahan, N.
0292886
5.0 5.0 0.0 5.0 16.0 17.0 11.0 20.0 40.0 57.0
Soltero, C.
0110679
0.0 5.0 5.0 0.0 19.0 19.0 20.0 17.0 36.0 46.0
Sytsma, S.
1060875
5.0 5.0 5.0 5.0 20.0 20.0 14.0 18.0 37.0 58.0
Thomas, B.
0479259
5.0 5.0 5.0 5.0 20.0 18.0 17.0 16.0 37.0 56.0
Tomlinson, G.
0005304
0.0 0.0 5.0 5.0 10.0 16.0 10.0 18.0 11.0 59.0
Umphrey, K.
0271805
5.0 0.0 5.0 0.0 10.0 16.0 11.0 12.0 37.0 29.0
Wommack, O.
1011332
0.0 5.0 5.0 0.0 20.0 18.0 20.0 11.0 27.0 60.0
